-0,45 -0,28 0
0,68 0,05 0
0,57 0,92 0
-0,58 -0,12 0
0,81 -0,32 0
0,44 -0,52 0
-0,79 0,40 0
0,92 -0,13 0
0,97 -0,46 0
-0,01 0,89 0
-0,92 0,75 0
-0,66 -0,29 0
0,44 -0,77 0
0,61 -0,42 0
0,09 -0,98 0
0,83 0,96 0
-0,78 0,32 0
-0,38 -0,53 0
0,28 -0,55 0
0,60 0,36 0
0,71 -0,90 0
0,74 -0,14 0
0,86 0,82 0
0,79 0,12 0
0,77 -0,15 0
0,58 -0,37 0
-0,20 -0,31 0
-0,59 -0,65 0
0,99 -0,80 0
-0,58 0,17 0
0,66 0,84 0
0,15 0,92 0
0,27 -0,91 0
-0,25 0,44 0
0,26 -0,95 0
0,34 -0,74 0
-0,71 0,76 0
-0,61 0,71 0
-0,77 0,81 0
-0,06 -0,22 0
0,06 0,04 0
-0,79 0,14 0
0,50 -0,82 0
-0,30 0,72 0
0,42 0,13 0
-0,85 -0,61 0
0,82 -0,31 0
0,61 -0,50 0
-0,48 -0,89 0
0,65 -0,75 0
-0,16 0,57 0
-0,24 -0,20 0
0,48 -0,94 0
-0,42 -0,27 0
0,47 0,62 0
-0,48 -0,98 0
-0,34 0,01 0
0,55 -0,64 0
0,24 0,24 0
0,24 0,94 0
0,76 0,13 0
-0,18 0,66 0
0,42 0,32 0
0,49 0,37 0
0,99 -0,66 0
0,27 -0,49 0
0,05 -0,39 0
-0,28 0,13 0
0,79 0,86 0
-0,21 0,64 0
-0,75 0,76 0
-0,83 0,33 0
0,82 0,96 0
-0,40 -0,60 0
0,44 -0,62 0
0,09 -0,22 0
-0,21 0,98 0
0,75 -0,59 0
0,00 0,77 0
-0,45 0,23 0
-0,91 -0,96 0
-0,57 0,69 0
-0,27 -0,95 0
0,55 0,99 0
-0,60 0,89 0
0,53 -0,83 0
0,00 1,00 0
-0,82 -0,93 0
-0,07 0,34 0
0,11 0,81 0
0,10 -0,36 0
-0,97 -0,46 0
-0,75 -0,95 0
-0,42 -0,34 0
0,99 -0,12 0
-0,57 0,19 0
0,53 0,60 0
-0,02 -0,98 0
-0,25 0,25 0
-0,25 0,02 0
